    1    -68.8580592486  57.496382481726826  0.000000000000000
    2    -69.9698971930  1.111837944369668  25.240590040370982
    3    -73.3416327003  3.371735507295895  20.439125227895445
    4    -73.4634076751  0.121774974785112  11.151030168078567
    5    -74.7332395777  1.269831902617653  9.659025530926296
    6    -75.5523529593  0.819113381601170  5.727679991304682
    7    -75.8658859043  0.313532944989063  3.071840036314014
    8    -75.9730541051  0.107168200828724  1.984068359705463
    9    -76.0094024070  0.036348301889518  1.084624781237290
   10    -76.0212659869  0.011863579903576  0.645421181450351
   11    -76.0251573091  0.003891322139836  0.360680024404409
   12    -76.0264218562  0.001264547174159  0.208748526552329
   13    -76.0268340766  0.000412220338788  0.118104314280858
   14    -76.0269681107  0.000134034142619  0.067725506131624
   15    -76.0270117452  0.000043634470927  0.038509838144761
   16    -76.0270259394  0.000014194237181  0.022011995424797
   17    -76.0270305588  0.000004619326802  0.012540010904246
   18    -76.0270320617  0.000001502941473  0.007159403507815
   19    -76.0270325508  0.000000489066252  0.004081568911206
   20    -76.0270327099  0.000000159133222  0.002329214696608
   21    -76.0270327617  0.000000051781598  0.001328269290126
   22    -76.0270327785  0.000000016849157  0.000757853795503
   23    -76.0270327840  0.000000005482619  0.000432233690825
   24    -76.0270327858  0.000000001783988  0.000246591721118
   25    -76.0270327864  0.000000000580542  0.000140650143011
   26    -76.0270327866  0.000000000188876  0.000080237805739
   27    -76.0270327866  0.000000000061476  0.000045767447289
   28    -76.0270327866  0.000000000019980  0.000026108581431
   29    -76.0270327866  0.000000000006509  0.000014892601236
   30    -76.0270327866  0.000000000002132  0.000008495511495
